ENTEK
151
BUGU
91
DEDEN
73
########################################
-1
-1
-1
-1
-1
-1
########################################
-1
-1
-1
-1
-1
-1
########################################
-1
-1
-1
-1
-1
-1
########################################
-1
-1
-1
-1
-1
-1
########################################
-1
-1
-1
-1
-1
-1
########################################
-1
-1
-1
-1
-1
-1
########################################
-1
-1
-1
-1
-1
-1
########################################
-1
-1
-1
-1
-1
-1
########################################
-1
-1
-1
-1
-1
-1
########################################
